Score Time(ms) populationSize maxPopDistance mP mStdStart mStdEnd BentCigarFunction
6.719097934964467E-19 138 5 0.2 0.2 0.2 0.2 
3.4159054875409214E-24 137 5 0.4 0.2 0.2 0.2 
5.046608586553256E-16 139 5 0.6 0.2 0.2 0.2 
1.7387784574440287E-45 139 5 0.8 0.2 0.2 0.2 
1.4182514735053912E-16 140 5 1.0 0.2 0.2 0.2 
1.1543082166605255E-14 135 20 0.2 0.2 0.2 0.2 
4.1605190715389133E-19 137 20 0.4 0.2 0.2 0.2 
1.4692230409645314E-8 135 20 0.6 0.2 0.2 0.2 
4.816745746651676E-9 141 20 0.8 0.2 0.2 0.2 
9.596256480864523E-14 126 20 1.0 0.2 0.2 0.2 
2.7944166266802313E-5 135 50 0.2 0.2 0.2 0.2 
1.1302954499769336E-11 136 50 0.4 0.2 0.2 0.2 
2.6854779730371778E-8 132 50 0.6 0.2 0.2 0.2 
8.495231960662006E-11 145 50 0.8 0.2 0.2 0.2 
3.631308122470081E-11 134 50 1.0 0.2 0.2 0.2 
6.645348532189393E-9 128 100 0.2 0.2 0.2 0.2 
7.004260735967153E-10 133 100 0.4 0.2 0.2 0.2 
2.6133406285816067E-7 134 100 0.6 0.2 0.2 0.2 
0.0015848701664372671 137 100 0.8 0.2 0.2 0.2 
2.9017227492524127E-10 133 100 1.0 0.2 0.2 0.2 
