Score Time(ms) populationSize maxPopDistance BentCigarFunction
7.740914733320288 207 5 0.1 
9.999969202353263 197 5 0.2 
9.999902997267549 186 5 0.3 
9.999984955680638 184 5 0.4 
9.99999043674954 187 5 0.5 
9.999996466922502 188 5 0.6 
9.99984884074968 181 5 0.7 
9.999985993460834 184 5 0.8 
9.999984972786743 191 5 0.9 
9.999638600055228 195 5 1.0 
8.843070057147983 242 20 0.1 
7.602078269902131 188 20 0.2 
9.999939556605137 187 20 0.3 
9.999966888387522 185 20 0.4 
9.9999539561802 197 20 0.5 
9.999979155542109 199 20 0.6 
9.999989203166145 184 20 0.7 
9.999840385459978 190 20 0.8 
9.999873918078649 182 20 0.9 
9.999995454214325 182 20 1.0 
0.006464166985442644 288 50 0.1 
3.424674308877208 218 50 0.2 
1.0980762509886268 227 50 0.3 
8.999039064027905 187 50 0.4 
7.644636568354394 199 50 0.5 
1.8718637453933913 196 50 0.6 
0.05321585055333039 217 50 0.7 
3.5219323847057353 234 50 0.8 
3.6539199605762986 190 50 0.9 
9.124986672844628 189 50 1.0 
1.8552451857220555E-7 231 100 0.1 
2.1719199605096747E-4 217 100 0.2 
5.9454881327903815E-6 195 100 0.3 
0.11819763311021415 191 100 0.4 
0.01104681729684686 193 100 0.5 
4.617524099434425E-4 189 100 0.6 
7.030643630579105E-4 179 100 0.7 
0.009023477956219795 182 100 0.8 
4.342323820706813 187 100 0.9 
0.6593520547643892 189 100 1.0 
