Score Time(ms) populationSize maxPopDistance mP mStdStart mStdEnd fitnessSharing speciation BentCigarFunction
1.882825565028066E-29 173 5 0.1 0.1 0.1 0.0001 true true 
2.9085485608636504E-14 168 5 0.1 0.1 0.1 0.0001 true false 
4.064932852808985E-25 173 5 0.1 0.1 0.1 0.0001 false true 
1.465826737998927E-43 167 5 0.1 0.1 0.1 0.0001 false false 
4.631848713456302E-17 173 5 0.1 0.1 0.1 0.001 true true 
1.1615216806678046E-19 169 5 0.1 0.1 0.1 0.001 true false 
4.20636035241856E-25 167 5 0.1 0.1 0.1 0.001 false true 
3.8558694516481264E-19 176 5 0.1 0.1 0.1 0.001 false false 
2.41608773140532E-58 169 5 0.1 0.1 0.1 0.01 true true 
3.602497855502343E-83 202 5 0.1 0.1 0.1 0.01 true false 
3.0431230334975285E-12 176 5 0.1 0.1 0.1 0.01 false true 
3.3837109547289503E-32 170 5 0.1 0.1 0.1 0.01 false false 
3.850240902471262E-34 174 5 0.1 0.1 0.25 0.0001 true true 
5.491733818085458E-26 172 5 0.1 0.1 0.25 0.0001 true false 
5.664880663646965E-30 176 5 0.1 0.1 0.25 0.0001 false true 
1.931832337903171E-28 173 5 0.1 0.1 0.25 0.0001 false false 
5.536574144503396E-20 170 5 0.1 0.1 0.25 0.001 true true 
2.3073618977601967E-7 170 5 0.1 0.1 0.25 0.001 true false 
1.2851663467454784E-8 177 5 0.1 0.1 0.25 0.001 false true 
1.1810393313115891E-35 167 5 0.1 0.1 0.25 0.001 false false 
3.3034920662672407E-13 169 5 0.1 0.1 0.25 0.01 true true 
1.2573462824916547E-24 171 5 0.1 0.1 0.25 0.01 true false 
1.5900502724333915E-14 175 5 0.1 0.1 0.25 0.01 false true 
4.2917467155268704E-16 173 5 0.1 0.1 0.25 0.01 false false 
7.252624138293294E-22 169 5 0.1 0.1 0.4 0.0001 true true 
6.895624760966378E-35 173 5 0.1 0.1 0.4 0.0001 true false 
7.311581845666416E-30 175 5 0.1 0.1 0.4 0.0001 false true 
1.6302182732787378E-12 166 5 0.1 0.1 0.4 0.0001 false false 
6.388517239886178E-19 175 5 0.1 0.1 0.4 0.001 true true 
8.739694746989599E-20 170 5 0.1 0.1 0.4 0.001 true false 
5.698975707257649E-52 176 5 0.1 0.1 0.4 0.001 false true 
1.5342165934166023E-33 165 5 0.1 0.1 0.4 0.001 false false 
7.642357594102678E-24 169 5 0.1 0.1 0.4 0.01 true true 
5.045983430723595E-31 170 5 0.1 0.1 0.4 0.01 true false 
2.411684976388835E-13 175 5 0.1 0.1 0.4 0.01 false true 
9.198348278756238E-24 165 5 0.1 0.1 0.4 0.01 false false 
2.2869181243730636E-25 169 5 0.1 0.3 0.1 0.0001 true true 
5.836055121231036E-14 170 5 0.1 0.3 0.1 0.0001 true false 
3.3552592576817725E-45 174 5 0.1 0.3 0.1 0.0001 false true 
1.0873835457528446E-9 158 5 0.1 0.3 0.1 0.0001 false false 
6.075622629653146E-13 180 5 0.1 0.3 0.1 0.001 true true 
1.715694391308384E-14 174 5 0.1 0.3 0.1 0.001 true false 
1.295138683896327E-25 180 5 0.1 0.3 0.1 0.001 false true 
1.8795463191757122E-37 165 5 0.1 0.3 0.1 0.001 false false 
3.7558655076244E-18 176 5 0.1 0.3 0.1 0.01 true true 
3.030158036521112E-13 165 5 0.1 0.3 0.1 0.01 true false 
4.758988776926398E-29 173 5 0.1 0.3 0.1 0.01 false true 
9.153687090213521E-22 167 5 0.1 0.3 0.1 0.01 false false 
9.252722029601204E-25 175 5 0.1 0.3 0.25 0.0001 true true 
3.2520266630550296E-27 167 5 0.1 0.3 0.25 0.0001 true false 
3.660329812499741E-11 183 5 0.1 0.3 0.25 0.0001 false true 
1.937619655240836E-5 166 5 0.1 0.3 0.25 0.0001 false false 
2.041369210534631E-23 180 5 0.1 0.3 0.25 0.001 true true 
6.977874400889641E-33 172 5 0.1 0.3 0.25 0.001 true false 
7.411848953241897E-27 182 5 0.1 0.3 0.25 0.001 false true 
9.266700858215485E-34 163 5 0.1 0.3 0.25 0.001 false false 
5.876353311954327E-34 184 5 0.1 0.3 0.25 0.01 true true 
4.279136303651921E-34 168 5 0.1 0.3 0.25 0.01 true false 
3.18556824561109E-54 176 5 0.1 0.3 0.25 0.01 false true 
3.1317934441721003E-10 163 5 0.1 0.3 0.25 0.01 false false 
2.4982669648002994E-24 181 5 0.1 0.3 0.4 0.0001 true true 
6.317737336237701E-26 181 5 0.1 0.3 0.4 0.0001 true false 
3.6237035294705236E-33 208 5 0.1 0.3 0.4 0.0001 false true 
5.169221853023761E-7 176 5 0.1 0.3 0.4 0.0001 false false 
1.3683180786827037E-25 197 5 0.1 0.3 0.4 0.001 true true 
1.2167561485984955E-27 175 5 0.1 0.3 0.4 0.001 true false 
3.884533032568129E-27 174 5 0.1 0.3 0.4 0.001 false true 
6.4406965627580535E-25 166 5 0.1 0.3 0.4 0.001 false false 
2.7208388171958554E-18 178 5 0.1 0.3 0.4 0.01 true true 
3.019013508122671E-46 170 5 0.1 0.3 0.4 0.01 true false 
3.001581557708804E-25 174 5 0.1 0.3 0.4 0.01 false true 
3.0419364961875967E-33 170 5 0.1 0.3 0.4 0.01 false false 
2.5811521234335013E-6 179 5 0.1 0.5 0.1 0.0001 true true 
1.6057354838905634E-17 173 5 0.1 0.5 0.1 0.0001 true false 
5.941805092156566E-25 171 5 0.1 0.5 0.1 0.0001 false true 
1.0911043974163625E-25 169 5 0.1 0.5 0.1 0.0001 false false 
1.8026605321868665E-48 176 5 0.1 0.5 0.1 0.001 true true 
3.660154437309828E-23 160 5 0.1 0.5 0.1 0.001 true false 
1.12674530224376E-44 174 5 0.1 0.5 0.1 0.001 false true 
5.600623330366097E-15 172 5 0.1 0.5 0.1 0.001 false false 
1.037201196116799E-34 180 5 0.1 0.5 0.1 0.01 true true 
5.1760929999318046E-11 170 5 0.1 0.5 0.1 0.01 true false 
1.6889365431951653E-20 168 5 0.1 0.5 0.1 0.01 false true 
5.408346509015167E-23 184 5 0.1 0.5 0.1 0.01 false false 
1.980613586232314E-16 184 5 0.1 0.5 0.25 0.0001 true true 
4.816333271585233E-78 183 5 0.1 0.5 0.25 0.0001 true false 
3.018265352376187E-45 172 5 0.1 0.5 0.25 0.0001 false true 
7.043194329473795E-30 188 5 0.1 0.5 0.25 0.0001 false false 
1.806352681681122E-35 180 5 0.1 0.5 0.25 0.001 true true 
6.897150198215314E-45 173 5 0.1 0.5 0.25 0.001 true false 
1.2386996709523528E-22 170 5 0.1 0.5 0.25 0.001 false true 
1.2206432908487187E-35 176 5 0.1 0.5 0.25 0.001 false false 
5.910418162006103E-68 180 5 0.1 0.5 0.25 0.01 true true 
8.58025487444706E-37 168 5 0.1 0.5 0.25 0.01 true false 
9.740969876148871E-32 177 5 0.1 0.5 0.25 0.01 false true 
7.399504364478226E-10 172 5 0.1 0.5 0.25 0.01 false false 
2.531979991139029E-21 169 5 0.1 0.5 0.4 0.0001 true true 
4.426762518530599E-25 168 5 0.1 0.5 0.4 0.0001 true false 
2.132851876675554E-23 180 5 0.1 0.5 0.4 0.0001 false true 
2.48726496483591E-19 158 5 0.1 0.5 0.4 0.0001 false false 
6.4454729739041194E-24 179 5 0.1 0.5 0.4 0.001 true true 
2.5150021663505697E-41 170 5 0.1 0.5 0.4 0.001 true false 
1.5672772796085191E-24 178 5 0.1 0.5 0.4 0.001 false true 
1.5521932358379449E-28 169 5 0.1 0.5 0.4 0.001 false false 
1.75758943438869E-19 186 5 0.1 0.5 0.4 0.01 true true 
7.933920704432272E-46 167 5 0.1 0.5 0.4 0.01 true false 
1.4982422036242252E-35 168 5 0.1 0.5 0.4 0.01 false true 
3.022886579241465E-12 176 5 0.1 0.5 0.4 0.01 false false 
1.0591512107216112E-24 176 5 0.3 0.1 0.1 0.0001 true true 
6.720001379126723E-12 179 5 0.3 0.1 0.1 0.0001 true false 
2.255503589025732E-16 172 5 0.3 0.1 0.1 0.0001 false true 
5.010726155332077E-18 171 5 0.3 0.1 0.1 0.0001 false false 
4.4175731461632963E-11 182 5 0.3 0.1 0.1 0.001 true true 
7.4000521166121115E-28 160 5 0.3 0.1 0.1 0.001 true false 
1.5685281036690725E-21 187 5 0.3 0.1 0.1 0.001 false true 
7.292965192888224E-11 168 5 0.3 0.1 0.1 0.001 false false 
4.398994120167786E-31 166 5 0.3 0.1 0.1 0.01 true true 
1.752958390925039E-18 176 5 0.3 0.1 0.1 0.01 true false 
5.881646034965333E-14 176 5 0.3 0.1 0.1 0.01 false true 
9.274399911459695E-98 170 5 0.3 0.1 0.1 0.01 false false 
1.2690144790381588E-9 177 5 0.3 0.1 0.25 0.0001 true true 
4.270211660629958E-14 170 5 0.3 0.1 0.25 0.0001 true false 
5.252966498871076E-11 168 5 0.3 0.1 0.25 0.0001 false true 
5.767660325889981E-22 170 5 0.3 0.1 0.25 0.0001 false false 
6.0805470533488106E-18 175 5 0.3 0.1 0.25 0.001 true true 
1.5966658481476837E-18 172 5 0.3 0.1 0.25 0.001 true false 
5.497319814588497E-9 174 5 0.3 0.1 0.25 0.001 false true 
8.374273430900093E-21 171 5 0.3 0.1 0.25 0.001 false false 
7.624835317725684E-19 167 5 0.3 0.1 0.25 0.01 true true 
1.819668999861353E-15 167 5 0.3 0.1 0.25 0.01 true false 
3.0937755398065516E-31 180 5 0.3 0.1 0.25 0.01 false true 
3.264279290778127E-25 174 5 0.3 0.1 0.25 0.01 false false 
1.8649673047012248E-21 179 5 0.3 0.1 0.4 0.0001 true true 
1.3661232918813403E-17 182 5 0.3 0.1 0.4 0.0001 true false 
4.103846202769538E-32 184 5 0.3 0.1 0.4 0.0001 false true 
4.1014873155540494E-16 171 5 0.3 0.1 0.4 0.0001 false false 
2.3299565205147226E-15 208 5 0.3 0.1 0.4 0.001 true true 
3.1653717452619477E-21 168 5 0.3 0.1 0.4 0.001 true false 
4.618017753944235E-29 180 5 0.3 0.1 0.4 0.001 false true 
5.474906892843527E-19 167 5 0.3 0.1 0.4 0.001 false false 
1.2261974781441867E-15 174 5 0.3 0.1 0.4 0.01 true true 
1.0198164209354684E-62 169 5 0.3 0.1 0.4 0.01 true false 
4.770225772434821E-10 181 5 0.3 0.1 0.4 0.01 false true 
1.753914684911598E-33 172 5 0.3 0.1 0.4 0.01 false false 
3.290807971193173E-14 173 5 0.3 0.3 0.1 0.0001 true true 
2.2144878241251367E-12 165 5 0.3 0.3 0.1 0.0001 true false 
1.2150234078665636E-16 176 5 0.3 0.3 0.1 0.0001 false true 
6.693912984225901E-28 177 5 0.3 0.3 0.1 0.0001 false false 
7.570165055002181E-16 171 5 0.3 0.3 0.1 0.001 true true 
2.478962559676479E-7 171 5 0.3 0.3 0.1 0.001 true false 
4.1354785879356055E-63 181 5 0.3 0.3 0.1 0.001 false true 
4.292081424084247E-27 175 5 0.3 0.3 0.1 0.001 false false 
7.241923234442051E-20 180 5 0.3 0.3 0.1 0.01 true true 
9.972690950260859E-12 178 5 0.3 0.3 0.1 0.01 true false 
2.414680261713971E-7 193 5 0.3 0.3 0.1 0.01 false true 
8.186219702720243E-105 169 5 0.3 0.3 0.1 0.01 false false 
6.880038967506144E-33 181 5 0.3 0.3 0.25 0.0001 true true 
2.276234648671547E-36 168 5 0.3 0.3 0.25 0.0001 true false 
3.786761543680957E-12 180 5 0.3 0.3 0.25 0.0001 false true 
2.971413522860643E-34 169 5 0.3 0.3 0.25 0.0001 false false 
9.152146687926582E-24 179 5 0.3 0.3 0.25 0.001 true true 
1.490167573111771E-48 166 5 0.3 0.3 0.25 0.001 true false 
3.596297734596179E-32 179 5 0.3 0.3 0.25 0.001 false true 
3.2179223379414376E-17 167 5 0.3 0.3 0.25 0.001 false false 
3.97076121083917E-21 173 5 0.3 0.3 0.25 0.01 true true 
2.457145891203549E-19 167 5 0.3 0.3 0.25 0.01 true false 
2.1957368399553337E-8 172 5 0.3 0.3 0.25 0.01 false true 
2.6620604426548684E-29 174 5 0.3 0.3 0.25 0.01 false false 
1.0585912102594179E-25 174 5 0.3 0.3 0.4 0.0001 true true 
7.188886593593916E-28 168 5 0.3 0.3 0.4 0.0001 true false 
1.008112394423067E-26 179 5 0.3 0.3 0.4 0.0001 false true 
7.330706081896348E-21 176 5 0.3 0.3 0.4 0.0001 false false 
1.1526180711251957E-51 170 5 0.3 0.3 0.4 0.001 true true 
8.752963494077274E-25 169 5 0.3 0.3 0.4 0.001 true false 
2.3411428386659908E-39 178 5 0.3 0.3 0.4 0.001 false true 
3.7970037226781662E-31 175 5 0.3 0.3 0.4 0.001 false false 
2.5544182500632665E-16 170 5 0.3 0.3 0.4 0.01 true true 
7.267166977199264E-52 171 5 0.3 0.3 0.4 0.01 true false 
5.631603439230448E-31 175 5 0.3 0.3 0.4 0.01 false true 
5.047404948289665E-22 172 5 0.3 0.3 0.4 0.01 false false 
1.5689793240080164E-28 171 5 0.3 0.5 0.1 0.0001 true true 
1.0205537698901029E-42 173 5 0.3 0.5 0.1 0.0001 true false 
2.2937683348150805E-15 177 5 0.3 0.5 0.1 0.0001 false true 
9.72596248153999E-35 170 5 0.3 0.5 0.1 0.0001 false false 
2.658224637277295E-37 169 5 0.3 0.5 0.1 0.001 true true 
2.0857307815577673E-18 173 5 0.3 0.5 0.1 0.001 true false 
4.7601344188662675E-21 172 5 0.3 0.5 0.1 0.001 false true 
9.813882522303721E-24 173 5 0.3 0.5 0.1 0.001 false false 
1.7600080426116843E-28 175 5 0.3 0.5 0.1 0.01 true true 
1.946716446898583E-40 172 5 0.3 0.5 0.1 0.01 true false 
1.7020375498515285E-28 177 5 0.3 0.5 0.1 0.01 false true 
1.4187181508634792E-16 166 5 0.3 0.5 0.1 0.01 false false 
1.7541285505042787E-35 176 5 0.3 0.5 0.25 0.0001 true true 
3.346998155805989E-16 171 5 0.3 0.5 0.25 0.0001 true false 
8.20197241179321E-23 177 5 0.3 0.5 0.25 0.0001 false true 
5.816858602218989E-6 168 5 0.3 0.5 0.25 0.0001 false false 
1.0593471976800257E-20 181 5 0.3 0.5 0.25 0.001 true true 
1.0988084781264675E-14 169 5 0.3 0.5 0.25 0.001 true false 
4.1335298271288645E-50 172 5 0.3 0.5 0.25 0.001 false true 
3.624981520364932E-18 178 5 0.3 0.5 0.25 0.001 false false 
7.950717963239665E-17 174 5 0.3 0.5 0.25 0.01 true true 
5.2388316482521314E-20 163 5 0.3 0.5 0.25 0.01 true false 
2.9869072618472274E-19 177 5 0.3 0.5 0.25 0.01 false true 
3.9166488793209436E-33 171 5 0.3 0.5 0.25 0.01 false false 
4.445445579183272E-22 170 5 0.3 0.5 0.4 0.0001 true true 
1.6880807348540801E-15 165 5 0.3 0.5 0.4 0.0001 true false 
1.2563872255583593E-11 172 5 0.3 0.5 0.4 0.0001 false true 
1.0751376896936535E-20 171 5 0.3 0.5 0.4 0.0001 false false 
1.2409203812770005E-18 186 5 0.3 0.5 0.4 0.001 true true 
4.155372396936902E-24 169 5 0.3 0.5 0.4 0.001 true false 
7.065794223917929E-33 173 5 0.3 0.5 0.4 0.001 false true 
6.172745958293507E-39 171 5 0.3 0.5 0.4 0.001 false false 
1.079901043685572E-18 174 5 0.3 0.5 0.4 0.01 true true 
5.362864302831654E-40 163 5 0.3 0.5 0.4 0.01 true false 
1.4650445158537566E-26 182 5 0.3 0.5 0.4 0.01 false true 
2.348394801327225E-5 173 5 0.3 0.5 0.4 0.01 false false 
9.101483810489166E-29 181 5 1.0 0.1 0.1 0.0001 true true 
5.416384628524907E-37 164 5 1.0 0.1 0.1 0.0001 true false 
1.613469136573215E-44 177 5 1.0 0.1 0.1 0.0001 false true 
7.100520936360916E-40 170 5 1.0 0.1 0.1 0.0001 false false 
2.373095166420274E-6 175 5 1.0 0.1 0.1 0.001 true true 
4.955783222070309E-18 168 5 1.0 0.1 0.1 0.001 true false 
9.089441326718086E-22 180 5 1.0 0.1 0.1 0.001 false true 
5.1571886372855526E-14 170 5 1.0 0.1 0.1 0.001 false false 
3.0629610743417906E-35 173 5 1.0 0.1 0.1 0.01 true true 
3.263835297220883E-37 161 5 1.0 0.1 0.1 0.01 true false 
2.7030899425390623E-44 187 5 1.0 0.1 0.1 0.01 false true 
5.343399540586718E-36 177 5 1.0 0.1 0.1 0.01 false false 
1.106828311191711E-23 180 5 1.0 0.1 0.25 0.0001 true true 
8.616803406641825E-21 171 5 1.0 0.1 0.25 0.0001 true false 
1.2475365131434688E-39 182 5 1.0 0.1 0.25 0.0001 false true 
1.201711412322502E-21 168 5 1.0 0.1 0.25 0.0001 false false 
2.724733228324082E-24 196 5 1.0 0.1 0.25 0.001 true true 
7.02089184901251E-69 168 5 1.0 0.1 0.25 0.001 true false 
8.037908727569656E-17 187 5 1.0 0.1 0.25 0.001 false true 
6.860036016682299E-19 165 5 1.0 0.1 0.25 0.001 false false 
2.9452125711268956E-30 186 5 1.0 0.1 0.25 0.01 true true 
4.913153158013413E-42 164 5 1.0 0.1 0.25 0.01 true false 
8.870730136111723E-13 185 5 1.0 0.1 0.25 0.01 false true 
1.3167212787789561E-19 167 5 1.0 0.1 0.25 0.01 false false 
2.5678900096355686E-24 188 5 1.0 0.1 0.4 0.0001 true true 
4.0835947748316373E-50 178 5 1.0 0.1 0.4 0.0001 true false 
1.124756912366021E-22 189 5 1.0 0.1 0.4 0.0001 false true 
1.2223941945375962E-16 172 5 1.0 0.1 0.4 0.0001 false false 
8.061079127500004E-15 216 5 1.0 0.1 0.4 0.001 true true 
1.1542364790497847E-30 192 5 1.0 0.1 0.4 0.001 true false 
3.862330684103855E-31 188 5 1.0 0.1 0.4 0.001 false true 
4.355114219297338E-20 177 5 1.0 0.1 0.4 0.001 false false 
6.637211505908587E-16 179 5 1.0 0.1 0.4 0.01 true true 
1.073954999909191E-19 171 5 1.0 0.1 0.4 0.01 true false 
1.1474158612400324E-26 180 5 1.0 0.1 0.4 0.01 false true 
2.5115209898200805E-23 164 5 1.0 0.1 0.4 0.01 false false 
2.982339443417116E-13 173 5 1.0 0.3 0.1 0.0001 true true 
3.7191712350748335E-32 167 5 1.0 0.3 0.1 0.0001 true false 
3.5253553143343875E-22 197 5 1.0 0.3 0.1 0.0001 false true 
2.4771096092461947E-24 185 5 1.0 0.3 0.1 0.0001 false false 
3.0060355337982756E-20 179 5 1.0 0.3 0.1 0.001 true true 
2.1727883109718266E-14 166 5 1.0 0.3 0.1 0.001 true false 
2.410220574093946E-13 207 5 1.0 0.3 0.1 0.001 false true 
8.098528860387492E-16 162 5 1.0 0.3 0.1 0.001 false false 
1.4587694701263213E-11 171 5 1.0 0.3 0.1 0.01 true true 
2.1588193612578714E-33 173 5 1.0 0.3 0.1 0.01 true false 
2.2080864692627686E-19 171 5 1.0 0.3 0.1 0.01 false true 
1.6688721672413386E-18 169 5 1.0 0.3 0.1 0.01 false false 
1.5778083926702886E-19 182 5 1.0 0.3 0.25 0.0001 true true 
6.5522468065363905E-28 173 5 1.0 0.3 0.25 0.0001 true false 
4.049160679907834E-11 177 5 1.0 0.3 0.25 0.0001 false true 
2.4525017818416183E-37 183 5 1.0 0.3 0.25 0.0001 false false 
1.6476555713963353E-13 173 5 1.0 0.3 0.25 0.001 true true 
3.8371449414149673E-19 192 5 1.0 0.3 0.25 0.001 true false 
3.936827862763447E-16 166 5 1.0 0.3 0.25 0.001 false true 
9.052348165198483E-18 173 5 1.0 0.3 0.25 0.001 false false 
3.158151349150935E-14 170 5 1.0 0.3 0.25 0.01 true true 
1.191506058877992E-19 178 5 1.0 0.3 0.25 0.01 true false 
2.3953592369815944E-21 175 5 1.0 0.3 0.25 0.01 false true 
1.0405210477645539E-13 166 5 1.0 0.3 0.25 0.01 false false 
2.200270132279757E-9 180 5 1.0 0.3 0.4 0.0001 true true 
6.245755774117526E-16 165 5 1.0 0.3 0.4 0.0001 true false 
1.8699333600390548E-13 175 5 1.0 0.3 0.4 0.0001 false true 
4.124397657501353E-18 169 5 1.0 0.3 0.4 0.0001 false false 
2.0350436862824797E-17 173 5 1.0 0.3 0.4 0.001 true true 
4.397986204192103E-25 172 5 1.0 0.3 0.4 0.001 true false 
2.812585772252226E-11 178 5 1.0 0.3 0.4 0.001 false true 
1.2544140312707267E-24 197 5 1.0 0.3 0.4 0.001 false false 
3.4572821445311857E-17 170 5 1.0 0.3 0.4 0.01 true true 
4.3016659537600146E-23 195 5 1.0 0.3 0.4 0.01 true false 
7.361865245708278E-17 205 5 1.0 0.3 0.4 0.01 false true 
3.008020005684932E-31 217 5 1.0 0.3 0.4 0.01 false false 
3.69289921023421E-11 213 5 1.0 0.5 0.1 0.0001 true true 
2.331945962224663E-30 256 5 1.0 0.5 0.1 0.0001 true false 
1.671886205693348E-20 253 5 1.0 0.5 0.1 0.0001 false true 
1.4978742757883517E-26 231 5 1.0 0.5 0.1 0.0001 false false 
1.6801710271578852E-48 217 5 1.0 0.5 0.1 0.001 true true 
1.296193280391655E-53 246 5 1.0 0.5 0.1 0.001 true false 
6.139377834520061E-49 259 5 1.0 0.5 0.1 0.001 false true 
9.491761176675039E-30 244 5 1.0 0.5 0.1 0.001 false false 
4.376132857744159E-23 172 5 1.0 0.5 0.1 0.01 true true 
9.122611424618555E-28 164 5 1.0 0.5 0.1 0.01 true false 
1.5280899210985587E-16 214 5 1.0 0.5 0.1 0.01 false true 
8.563732758667917E-37 213 5 1.0 0.5 0.1 0.01 false false 
1.777199420053054E-23 239 5 1.0 0.5 0.25 0.0001 true true 
4.0209754603104706E-23 160 5 1.0 0.5 0.25 0.0001 true false 
4.67680849586724E-28 175 5 1.0 0.5 0.25 0.0001 false true 
1.0674812722746957E-26 186 5 1.0 0.5 0.25 0.0001 false false 
5.002641219699948E-33 170 5 1.0 0.5 0.25 0.001 true true 
1.3590288237745322E-16 172 5 1.0 0.5 0.25 0.001 true false 
3.6811593441690375E-22 189 5 1.0 0.5 0.25 0.001 false true 
1.5465264315790193E-26 162 5 1.0 0.5 0.25 0.001 false false 
7.585594662108879E-36 165 5 1.0 0.5 0.25 0.01 true true 
1.279474534380459E-30 169 5 1.0 0.5 0.25 0.01 true false 
1.94072614916754E-24 201 5 1.0 0.5 0.25 0.01 false true 
7.805508291531501E-25 206 5 1.0 0.5 0.25 0.01 false false 
3.220335072433104E-27 218 5 1.0 0.5 0.4 0.0001 true true 
1.1895945049672244E-17 176 5 1.0 0.5 0.4 0.0001 true false 
1.87382649850804E-64 212 5 1.0 0.5 0.4 0.0001 false true 
8.072978745782523E-77 208 5 1.0 0.5 0.4 0.0001 false false 
2.4434757809812428E-15 221 5 1.0 0.5 0.4 0.001 true true 
3.224254103594352E-27 253 5 1.0 0.5 0.4 0.001 true false 
1.5172337643411374E-15 297 5 1.0 0.5 0.4 0.001 false true 
1.0990611376662794E-19 288 5 1.0 0.5 0.4 0.001 false false 
7.663929152226939E-25 185 5 1.0 0.5 0.4 0.01 true true 
1.0152859565611662E-12 211 5 1.0 0.5 0.4 0.01 true false 
5.812533223593208E-21 196 5 1.0 0.5 0.4 0.01 false true 
9.361075187399588E-22 176 5 1.0 0.5 0.4 0.01 false false 
2.595750571232764E-22 319 5 5.0 0.1 0.1 0.0001 true true 
3.129796231709328E-16 246 5 5.0 0.1 0.1 0.0001 true false 
9.137403403910191E-23 325 5 5.0 0.1 0.1 0.0001 false true 
7.483670740953597E-20 266 5 5.0 0.1 0.1 0.0001 false false 
1.7914096291907245E-35 360 5 5.0 0.1 0.1 0.001 true true 
3.118950754386089E-51 232 5 5.0 0.1 0.1 0.001 true false 
1.0616182235307828E-59 263 5 5.0 0.1 0.1 0.001 false true 
3.2214950117966766E-25 168 5 5.0 0.1 0.1 0.001 false false 
4.497464272982018E-20 267 5 5.0 0.1 0.1 0.01 true true 
7.075936629885044E-23 276 5 5.0 0.1 0.1 0.01 true false 
1.4229866481471821E-11 201 5 5.0 0.1 0.1 0.01 false true 
2.3585842529698386E-13 194 5 5.0 0.1 0.1 0.01 false false 
2.98176584261182E-13 179 5 5.0 0.1 0.25 0.0001 true true 
7.2609402091202E-34 173 5 5.0 0.1 0.25 0.0001 true false 
1.7341214063174725E-33 179 5 5.0 0.1 0.25 0.0001 false true 
6.207050348743956E-12 164 5 5.0 0.1 0.25 0.0001 false false 
1.5824697027780006E-27 205 5 5.0 0.1 0.25 0.001 true true 
3.933456084812091E-19 177 5 5.0 0.1 0.25 0.001 true false 
1.150147453607538E-19 183 5 5.0 0.1 0.25 0.001 false true 
9.97399837221078E-17 178 5 5.0 0.1 0.25 0.001 false false 
9.179883852765425E-73 179 5 5.0 0.1 0.25 0.01 true true 
2.0141549284299342E-18 178 5 5.0 0.1 0.25 0.01 true false 
2.2509424180252246E-30 181 5 5.0 0.1 0.25 0.01 false true 
3.0677268246413303E-49 168 5 5.0 0.1 0.25 0.01 false false 
2.649835340676043E-28 192 5 5.0 0.1 0.4 0.0001 true true 
1.8598339984011493E-13 170 5 5.0 0.1 0.4 0.0001 true false 
9.600951033109436E-33 191 5 5.0 0.1 0.4 0.0001 false true 
4.6623465722276497E-14 185 5 5.0 0.1 0.4 0.0001 false false 
6.375658610609269E-14 217 5 5.0 0.1 0.4 0.001 true true 
1.428345125137293E-19 204 5 5.0 0.1 0.4 0.001 true false 
2.2554923442672062E-24 243 5 5.0 0.1 0.4 0.001 false true 
1.8966207521628483E-46 208 5 5.0 0.1 0.4 0.001 false false 
2.69089272473823E-40 222 5 5.0 0.1 0.4 0.01 true true 
2.575591703556634E-21 181 5 5.0 0.1 0.4 0.01 true false 
3.433049270964817E-20 185 5 5.0 0.1 0.4 0.01 false true 
5.610848918623226E-17 168 5 5.0 0.1 0.4 0.01 false false 
8.021402629210999E-20 176 5 5.0 0.3 0.1 0.0001 true true 
2.4890182818124977E-28 165 5 5.0 0.3 0.1 0.0001 true false 
1.9730835141315537E-29 177 5 5.0 0.3 0.1 0.0001 false true 
8.00337516075896E-6 166 5 5.0 0.3 0.1 0.0001 false false 
2.4441727944592807E-11 173 5 5.0 0.3 0.1 0.001 true true 
2.9243368743974314E-21 167 5 5.0 0.3 0.1 0.001 true false 
2.318716413943502E-34 173 5 5.0 0.3 0.1 0.001 false true 
6.27972410781821E-21 167 5 5.0 0.3 0.1 0.001 false false 
7.691518670420332E-46 171 5 5.0 0.3 0.1 0.01 true true 
8.141679614648502E-23 162 5 5.0 0.3 0.1 0.01 true false 
8.720436397905169E-14 181 5 5.0 0.3 0.1 0.01 false true 
1.039924656557517E-11 168 5 5.0 0.3 0.1 0.01 false false 
7.542782153348636E-24 175 5 5.0 0.3 0.25 0.0001 true true 
7.3586699639354165E-34 167 5 5.0 0.3 0.25 0.0001 true false 
1.1994244658447075E-31 173 5 5.0 0.3 0.25 0.0001 false true 
7.85260916938779E-19 165 5 5.0 0.3 0.25 0.0001 false false 
9.515528139754759E-38 173 5 5.0 0.3 0.25 0.001 true true 
5.039916460737964E-115 170 5 5.0 0.3 0.25 0.001 true false 
2.7082767513636277E-16 169 5 5.0 0.3 0.25 0.001 false true 
3.163931348137912E-28 167 5 5.0 0.3 0.25 0.001 false false 
5.5053086019447004E-27 173 5 5.0 0.3 0.25 0.01 true true 
1.554110894056513E-10 164 5 5.0 0.3 0.25 0.01 true false 
6.047777341256262E-9 171 5 5.0 0.3 0.25 0.01 false true 
3.393763616222303E-16 167 5 5.0 0.3 0.25 0.01 false false 
1.459046788045107E-27 172 5 5.0 0.3 0.4 0.0001 true true 
1.4145542019837481E-49 168 5 5.0 0.3 0.4 0.0001 true false 
1.8738629241885284E-16 169 5 5.0 0.3 0.4 0.0001 false true 
8.319491778369381E-21 165 5 5.0 0.3 0.4 0.0001 false false 
8.891417916734888E-22 173 5 5.0 0.3 0.4 0.001 true true 
2.268819179129917E-34 169 5 5.0 0.3 0.4 0.001 true false 
2.0527665117184313E-17 172 5 5.0 0.3 0.4 0.001 false true 
6.115169011311419E-10 160 5 5.0 0.3 0.4 0.001 false false 
2.205070782386608E-21 172 5 5.0 0.3 0.4 0.01 true true 
5.708241689456898E-16 166 5 5.0 0.3 0.4 0.01 true false 
6.057566992899496E-18 176 5 5.0 0.3 0.4 0.01 false true 
2.171729438757008E-22 164 5 5.0 0.3 0.4 0.01 false false 
4.530710111917208E-10 175 5 5.0 0.5 0.1 0.0001 true true 
8.50161285428212E-24 167 5 5.0 0.5 0.1 0.0001 true false 
2.671994568967884E-25 169 5 5.0 0.5 0.1 0.0001 false true 
2.4846836755798732E-15 163 5 5.0 0.5 0.1 0.0001 false false 
3.908618917195922E-16 178 5 5.0 0.5 0.1 0.001 true true 
1.2072605352017102E-34 166 5 5.0 0.5 0.1 0.001 true false 
2.8208484663432123E-32 171 5 5.0 0.5 0.1 0.001 false true 
3.999567509279236E-34 167 5 5.0 0.5 0.1 0.001 false false 
1.4223212894671594E-12 173 5 5.0 0.5 0.1 0.01 true true 
1.439490523835464E-14 158 5 5.0 0.5 0.1 0.01 true false 
2.6501331731812625E-98 176 5 5.0 0.5 0.1 0.01 false true 
6.151666686965818E-16 167 5 5.0 0.5 0.1 0.01 false false 
2.5739111710423368E-11 179 5 5.0 0.5 0.25 0.0001 true true 
9.761111729354993E-21 166 5 5.0 0.5 0.25 0.0001 true false 
4.143770832385223E-33 177 5 5.0 0.5 0.25 0.0001 false true 
5.7208499413856585E-28 166 5 5.0 0.5 0.25 0.0001 false false 
6.914995777710136E-8 168 5 5.0 0.5 0.25 0.001 true true 
7.890075987071201E-36 165 5 5.0 0.5 0.25 0.001 true false 
2.221485680648743E-57 175 5 5.0 0.5 0.25 0.001 false true 
1.0534638169377023E-45 166 5 5.0 0.5 0.25 0.001 false false 
3.1784656050924695E-32 169 5 5.0 0.5 0.25 0.01 true true 
1.6363058494055903E-7 167 5 5.0 0.5 0.25 0.01 true false 
4.528423576055992E-11 170 5 5.0 0.5 0.25 0.01 false true 
7.2304465986586E-64 169 5 5.0 0.5 0.25 0.01 false false 
1.7464294301520853E-30 172 5 5.0 0.5 0.4 0.0001 true true 
1.9704298443498892E-10 158 5 5.0 0.5 0.4 0.0001 true false 
6.038322318110333E-25 169 5 5.0 0.5 0.4 0.0001 false true 
1.474602255510033E-19 169 5 5.0 0.5 0.4 0.0001 false false 
2.413257289380812E-17 172 5 5.0 0.5 0.4 0.001 true true 
1.9252019551543606E-14 168 5 5.0 0.5 0.4 0.001 true false 
2.0024822690970218E-20 169 5 5.0 0.5 0.4 0.001 false true 
1.575348667549516E-22 166 5 5.0 0.5 0.4 0.001 false false 
2.508133091580681E-51 179 5 5.0 0.5 0.4 0.01 true true 
1.3020969508907663E-14 165 5 5.0 0.5 0.4 0.01 true false 
8.388534474716224E-15 172 5 5.0 0.5 0.4 0.01 false true 
7.24025632527765E-20 164 5 5.0 0.5 0.4 0.01 false false 
2.407050085682299E-20 184 5 10.0 0.1 0.1 0.0001 true true 
2.9084993850613874E-18 173 5 10.0 0.1 0.1 0.0001 true false 
1.0583297162355203E-15 174 5 10.0 0.1 0.1 0.0001 false true 
7.184047495922186E-17 165 5 10.0 0.1 0.1 0.0001 false false 
3.990151930732601E-11 175 5 10.0 0.1 0.1 0.001 true true 
6.585806540327736E-27 167 5 10.0 0.1 0.1 0.001 true false 
7.426006978925507E-33 182 5 10.0 0.1 0.1 0.001 false true 
4.884274402760011E-15 162 5 10.0 0.1 0.1 0.001 false false 
6.4663827293872025E-12 173 5 10.0 0.1 0.1 0.01 true true 
3.335481095141464E-63 166 5 10.0 0.1 0.1 0.01 true false 
7.720429728047115E-33 182 5 10.0 0.1 0.1 0.01 false true 
3.594319586153129E-43 172 5 10.0 0.1 0.1 0.01 false false 
2.9232447894545144E-27 170 5 10.0 0.1 0.25 0.0001 true true 
6.236264526314698E-17 166 5 10.0 0.1 0.25 0.0001 true false 
5.768254502904238E-13 171 5 10.0 0.1 0.25 0.0001 false true 
1.3851192679654154E-51 163 5 10.0 0.1 0.25 0.0001 false false 
7.613525074942402E-21 173 5 10.0 0.1 0.25 0.001 true true 
6.076808980800356E-25 169 5 10.0 0.1 0.25 0.001 true false 
9.525744703789145E-31 168 5 10.0 0.1 0.25 0.001 false true 
1.1837962370964175E-136 168 5 10.0 0.1 0.25 0.001 false false 
1.190967398587421E-18 173 5 10.0 0.1 0.25 0.01 true true 
4.2365565359623805E-14 168 5 10.0 0.1 0.25 0.01 true false 
1.6521038834600055E-15 173 5 10.0 0.1 0.25 0.01 false true 
1.704861401265987E-32 165 5 10.0 0.1 0.25 0.01 false false 
7.64459087621199E-47 176 5 10.0 0.1 0.4 0.0001 true true 
2.7558259865729527E-15 170 5 10.0 0.1 0.4 0.0001 true false 
6.039709377003307E-29 172 5 10.0 0.1 0.4 0.0001 false true 
1.6267764558102353E-28 165 5 10.0 0.1 0.4 0.0001 false false 
2.2724485708137142E-32 177 5 10.0 0.1 0.4 0.001 true true 
5.795115028619413E-16 167 5 10.0 0.1 0.4 0.001 true false 
5.827935730403872E-25 176 5 10.0 0.1 0.4 0.001 false true 
3.0777945245409792E-33 159 5 10.0 0.1 0.4 0.001 false false 
1.9775390241723274E-18 173 5 10.0 0.1 0.4 0.01 true true 
2.329589296957955E-25 171 5 10.0 0.1 0.4 0.01 true false 
1.2395504065809885E-24 173 5 10.0 0.1 0.4 0.01 false true 
1.1599723122411639E-15 172 5 10.0 0.1 0.4 0.01 false false 
3.2808579672153307E-46 178 5 10.0 0.3 0.1 0.0001 true true 
6.554908491020895E-15 167 5 10.0 0.3 0.1 0.0001 true false 
1.784905383194818E-52 177 5 10.0 0.3 0.1 0.0001 false true 
8.425858050143575E-18 164 5 10.0 0.3 0.1 0.0001 false false 
2.6670918043814635E-9 172 5 10.0 0.3 0.1 0.001 true true 
3.102048909386496E-29 163 5 10.0 0.3 0.1 0.001 true false 
3.311795946187328E-24 173 5 10.0 0.3 0.1 0.001 false true 
3.1302003633835987E-28 174 5 10.0 0.3 0.1 0.001 false false 
1.161664560019057E-14 169 5 10.0 0.3 0.1 0.01 true true 
4.1546630694894354E-14 168 5 10.0 0.3 0.1 0.01 true false 
4.4409429669731015E-7 169 5 10.0 0.3 0.1 0.01 false true 
4.919054306058162E-22 166 5 10.0 0.3 0.1 0.01 false false 
1.402939262008087E-25 175 5 10.0 0.3 0.25 0.0001 true true 
5.353187127338947E-28 168 5 10.0 0.3 0.25 0.0001 true false 
1.902136277280437E-23 175 5 10.0 0.3 0.25 0.0001 false true 
2.660275368053758E-26 167 5 10.0 0.3 0.25 0.0001 false false 
7.484944351873755E-21 174 5 10.0 0.3 0.25 0.001 true true 
4.7102842240557597E-32 168 5 10.0 0.3 0.25 0.001 true false 
2.115825956326529E-31 169 5 10.0 0.3 0.25 0.001 false true 
9.112429450995051E-17 164 5 10.0 0.3 0.25 0.001 false false 
3.0043556284558507E-30 172 5 10.0 0.3 0.25 0.01 true true 
2.6233588471730025E-15 166 5 10.0 0.3 0.25 0.01 true false 
4.249213944629388E-19 170 5 10.0 0.3 0.25 0.01 false true 
3.960928080902558E-34 169 5 10.0 0.3 0.25 0.01 false false 
7.177608523660065E-69 176 5 10.0 0.3 0.4 0.0001 true true 
2.5044159477336805E-6 161 5 10.0 0.3 0.4 0.0001 true false 
8.112468344829724E-21 170 5 10.0 0.3 0.4 0.0001 false true 
2.140258957351066E-33 169 5 10.0 0.3 0.4 0.0001 false false 
7.610584374714412E-41 175 5 10.0 0.3 0.4 0.001 true true 
6.952350067560364E-33 164 5 10.0 0.3 0.4 0.001 true false 
9.716388186079357E-25 177 5 10.0 0.3 0.4 0.001 false true 
1.7756822810031104E-16 171 5 10.0 0.3 0.4 0.001 false false 
2.8866450114334475E-21 172 5 10.0 0.3 0.4 0.01 true true 
7.120176220900786E-15 165 5 10.0 0.3 0.4 0.01 true false 
1.7777841343830045E-18 172 5 10.0 0.3 0.4 0.01 false true 
3.542868013993131E-9 168 5 10.0 0.3 0.4 0.01 false false 
2.917162955718138E-7 174 5 10.0 0.5 0.1 0.0001 true true 
1.1189514237723552E-48 159 5 10.0 0.5 0.1 0.0001 true false 
4.276527621198593E-12 174 5 10.0 0.5 0.1 0.0001 false true 
4.917071315352289E-20 164 5 10.0 0.5 0.1 0.0001 false false 
2.729437057105159E-20 177 5 10.0 0.5 0.1 0.001 true true 
2.7387504888215125E-24 179 5 10.0 0.5 0.1 0.001 true false 
6.2629665402472E-35 172 5 10.0 0.5 0.1 0.001 false true 
1.112073867069566E-20 167 5 10.0 0.5 0.1 0.001 false false 
4.9689807988466294E-17 176 5 10.0 0.5 0.1 0.01 true true 
1.2267746813614724E-11 164 5 10.0 0.5 0.1 0.01 true false 
3.412576817500091E-27 173 5 10.0 0.5 0.1 0.01 false true 
4.25953719530927E-31 167 5 10.0 0.5 0.1 0.01 false false 
6.303410390432175E-27 166 5 10.0 0.5 0.25 0.0001 true true 
4.278710721119517E-18 164 5 10.0 0.5 0.25 0.0001 true false 
2.5606370779684744E-19 186 5 10.0 0.5 0.25 0.0001 false true 
4.8198511149941873E-4 171 5 10.0 0.5 0.25 0.0001 false false 
1.315547792994002E-19 174 5 10.0 0.5 0.25 0.001 true true 
5.78495298251376E-12 169 5 10.0 0.5 0.25 0.001 true false 
3.1956715881109145E-44 173 5 10.0 0.5 0.25 0.001 false true 
5.328248731558645E-25 172 5 10.0 0.5 0.25 0.001 false false 
3.232107182909947E-40 185 5 10.0 0.5 0.25 0.01 true true 
1.0813483996780406E-8 180 5 10.0 0.5 0.25 0.01 true false 
7.87304645815513E-21 187 5 10.0 0.5 0.25 0.01 false true 
7.396922321266988E-35 255 5 10.0 0.5 0.25 0.01 false false 
6.365587006739586E-39 216 5 10.0 0.5 0.4 0.0001 true true 
3.239657096877767E-36 181 5 10.0 0.5 0.4 0.0001 true false 
2.5396055164840746E-13 187 5 10.0 0.5 0.4 0.0001 false true 
3.0678540227177685E-30 167 5 10.0 0.5 0.4 0.0001 false false 
3.84507251391823E-15 171 5 10.0 0.5 0.4 0.001 true true 
3.048205251567883E-13 160 5 10.0 0.5 0.4 0.001 true false 
6.440396243419728E-21 177 5 10.0 0.5 0.4 0.001 false true 
9.80319190733508E-31 159 5 10.0 0.5 0.4 0.001 false false 
4.6589827801053486E-23 176 5 10.0 0.5 0.4 0.01 true true 
8.781085943905934E-14 170 5 10.0 0.5 0.4 0.01 true false 
2.525898639143909E-27 177 5 10.0 0.5 0.4 0.01 false true 
1.7853831031441022E-16 209 5 10.0 0.5 0.4 0.01 false false 
1.2792468614901453E-22 223 20 0.1 0.1 0.1 0.0001 true true 
2.0753834806767866E-33 156 20 0.1 0.1 0.1 0.0001 true false 
3.426593708864966E-16 164 20 0.1 0.1 0.1 0.0001 false true 
4.461129473513123E-13 163 20 0.1 0.1 0.1 0.0001 false false 
0.002016396766245988 172 20 0.1 0.1 0.1 0.001 true true 
4.434539614088187E-9 169 20 0.1 0.1 0.1 0.001 true false 
2.0591387134949219E-4 177 20 0.1 0.1 0.1 0.001 false true 
6.215031697978685E-4 167 20 0.1 0.1 0.1 0.001 false false 
5.293644130138238E-7 169 20 0.1 0.1 0.1 0.01 true true 
1.1334706534809572E-18 156 20 0.1 0.1 0.1 0.01 true false 
7.089333059692779E-9 178 20 0.1 0.1 0.1 0.01 false true 
3.1209749861758927E-7 169 20 0.1 0.1 0.1 0.01 false false 
4.979567036602709E-12 174 20 0.1 0.1 0.25 0.0001 true true 
2.737680864689014E-8 164 20 0.1 0.1 0.25 0.0001 true false 
2.3804457948813963E-22 180 20 0.1 0.1 0.25 0.0001 false true 
4.427411989797127E-10 155 20 0.1 0.1 0.25 0.0001 false false 
