Score Time(ms) populationSize maxPopDistance fitnessSharing SchaffersEvaluation
1.2415389012332282E-10 926 5 0.2 true 
1.7101363892218854E-21 886 5 0.2 false 
1.3826479689407298E-4 842 5 0.4 true 
8.589079483954076E-5 891 5 0.4 false 
0.14153521113359846 883 5 0.6 true 
0.004315348569761449 892 5 0.6 false 
6.854420034417916E-13 874 5 0.8 true 
0.0011579207056425895 905 5 0.8 false 
9.183006967295361E-19 867 5 1.0 true 
3.3772058908828193E-13 900 5 1.0 false 
8.289333789867398E-4 968 20 0.2 true 
2.969616156766253 906 20 0.2 false 
0.3093209583907198 855 20 0.4 true 
3.260525818562761E-9 871 20 0.4 false 
0.033995479814365945 865 20 0.6 true 
0.00949011004348732 825 20 0.6 false 
1.1850031505669228E-4 859 20 0.8 true 
3.5430856002066794E-7 880 20 0.8 false 
0.0016149524208056223 854 20 1.0 true 
2.2581586275884373E-4 865 20 1.0 false 
0.16499179581681064 991 50 0.2 true 
2.1423997539180706E-4 1044 50 0.2 false 
7.063093898634866E-4 917 50 0.4 true 
0.007521510088102034 924 50 0.4 false 
0.0038490741190775743 895 50 0.6 true 
0.026680178176879087 964 50 0.6 false 
2.2542296098460965E-4 951 50 0.8 true 
5.840268904598639E-6 909 50 0.8 false 
0.00822890275335412 955 50 1.0 true 
0.40723331295284043 940 50 1.0 false 
2.147961089977201 1069 100 0.2 true 
2.0041162198443363E-4 1111 100 0.2 false 
0.02151914370249186 936 100 0.4 true 
0.02646417596687385 983 100 0.4 false 
0.001196042051345486 1003 100 0.6 true 
0.07551863483514541 1004 100 0.6 false 
0.00294526203356605 1060 100 0.8 true 
0.8308923798067578 1006 100 0.8 false 
0.4812585490689648 1004 100 1.0 true 
0.005977284171318445 1004 100 1.0 false 
