Score Time(ms) populationSize maxPopDistance mP mStdStart mStdEnd fitnessSharing speciation SchaffersEvaluation
4.100456618024216E-28 948 5 0.1 0.1 0.1 0.0001 true true 
6.108422078044946E-30 957 5 0.1 0.1 0.1 0.0001 true false 
2.4791737322010314E-11 897 5 0.1 0.1 0.1 0.0001 false true 
2.1242505574086605E-16 943 5 0.1 0.1 0.1 0.0001 false false 
2.403138293519983E-10 936 5 0.3 0.1 0.1 0.0001 true true 
9.97300926830397E-6 921 5 0.3 0.1 0.1 0.0001 true false 
2.810508357142256E-26 944 5 0.3 0.1 0.1 0.0001 false true 
3.9331481398123493E-19 944 5 0.3 0.1 0.1 0.0001 false false 
4.682448758116655E-11 913 20 0.1 0.1 0.1 0.0001 true true 
5.973420691280481E-7 884 20 0.1 0.1 0.1 0.0001 true false 
1.3929879130474219E-5 946 20 0.1 0.1 0.1 0.0001 false true 
6.207905752098674E-10 862 20 0.1 0.1 0.1 0.0001 false false 
2.8609992955422776E-11 905 20 0.3 0.1 0.1 0.0001 true true 
8.446053195937519E-7 844 20 0.3 0.1 0.1 0.0001 true false 
1.9771986887291535E-9 935 20 0.3 0.1 0.1 0.0001 false true 
7.039519491885761E-10 800 20 0.3 0.1 0.1 0.0001 false false 
1.1682238665295005E-12 799 50 0.1 0.1 0.1 0.0001 true true 
9.93734803026295E-5 827 50 0.1 0.1 0.1 0.0001 true false 
1.7507791672720198E-5 791 50 0.1 0.1 0.1 0.0001 false true 
0.026486392061394477 750 50 0.1 0.1 0.1 0.0001 false false 
1.2699549890135456E-7 776 50 0.3 0.1 0.1 0.0001 true true 
2.375898380858396E-5 726 50 0.3 0.1 0.1 0.0001 true false 
3.337294341070777E-4 872 50 0.3 0.1 0.1 0.0001 false true 
3.715320274604611E-4 803 50 0.3 0.1 0.1 0.0001 false false 
1.1353802115202073E-6 945 100 0.1 0.1 0.1 0.0001 true true 
0.03520374419046021 822 100 0.1 0.1 0.1 0.0001 true false 
2.34802612318689E-5 982 100 0.1 0.1 0.1 0.0001 false true 
1.4471647214387851E-5 783 100 0.1 0.1 0.1 0.0001 false false 
7.775191947883123E-6 1002 100 0.3 0.1 0.1 0.0001 true true 
0.11220941615677264 764 100 0.3 0.1 0.1 0.0001 true false 
2.649882536664229E-7 790 100 0.3 0.1 0.1 0.0001 false true 
0.011156148308211877 794 100 0.3 0.1 0.1 0.0001 false false 
